9.4407 10.381
10.3025 11.271
9.0644 10.116
8.5899 9.662
9.5261 10.503
8.0907 9.268
8.9478 9.984
10.6584 11.693
9.6751 10.576
8.9083 9.839
9.3129 10.329
8.5834 9.731
9.1573 10.229
8.5702 9.525
8.5625 9.441
9.6086 10.559
9.9735 10.906
8.5908 9.673
8.4031 9.339
9.6222 10.514
8.5370 9.554
10.0912 11.029
9.5669 10.775
9.8568 10.896
9.9583 10.890
9.7163 10.678
9.5038 10.556
10.5607 11.543
8.9142 9.842
9.2866 10.252
9.1491 10.096
7.9923 9.307
8.4640 9.655
8.6482 9.635
10.3576 11.220
9.9109 10.847
12.5489 13.417
8.7860 9.708
10.3876 11.296
9.2430 10.314
10.3344 11.242
9.7805 10.736
8.2308 9.492
8.9827 10.197
11.3276 12.190
9.0382 10.128
9.3876 10.310
10.1608 11.091
11.8694 12.807
8.9630 10.028
11.2837 12.191
10.5186 11.410
8.4386 9.616
8.8903 9.974
9.2860 10.241
8.8985 9.907
9.7788 10.765
9.6697 10.626
10.2363 11.101
8.5622 9.735
10.1945 11.209
9.6938 10.565
10.8900 11.831
10.0647 11.136
8.6352 9.730
8.2428 9.599
9.0382 9.996
9.5106 10.861
10.2213 11.358
10.3231 11.225
9.4208 10.520
8.8960 10.037
8.3141 9.341
13.4055 14.227
9.9413 10.930
9.9264 11.121
12.3022 13.183
10.3370 11.417
8.9652 9.926
10.0579 11.129
9.1922 10.093
9.1018 10.186
9.0403 10.218
10.3698 11.265
9.2496 10.168
8.4642 9.532
7.6806 8.712
8.7387 9.693
8.5747 9.786
9.1192 10.057
8.8725 9.933
8.6056 9.735
7.8999 8.970
9.2090 10.190
8.8737 9.878
10.2224 11.054
9.5823 10.515
9.7414 10.809
8.9384 9.925
8.1602 9.260
8.7951 9.891
8.8512 9.793
9.8474 10.740
8.5529 9.595
8.0901 9.207
10.2079 11.163
8.4600 9.473
9.3895 10.333
9.1102 10.070
9.2634 10.196
8.5348 9.507
9.4214 10.313
8.1628 9.284
8.9544 9.982
10.4201 11.415
8.7003 9.765
8.0725 9.231
8.7740 9.822
8.3509 9.651
8.2615 9.500
8.4627 9.543
8.8250 9.910
9.4686 10.449
8.3089 9.339
8.2041 9.335
9.5726 10.539
9.8818 10.994
8.4399 9.550
7.8819 8.958
8.2231 9.314
7.7936 8.956
9.3105 10.326
7.7820 8.891
9.2267 10.456
8.2279 9.247
9.2483 10.204
8.6720 9.741
9.6636 10.570
8.1602 9.224
11.9289 12.738
8.6932 9.731
9.2243 10.337
10.0153 10.881
8.1116 9.178
7.9356 9.087
10.6174 11.463
8.6054 9.551
8.3497 9.589
7.9680 9.107
9.8058 10.790
8.2746 9.499
10.6847 11.517
9.8041 10.836
8.2522 9.325
8.7162 9.742
13.1514 13.915
6.3421 7.000
8.8319 9.868
10.8867 11.876
8.9215 9.938
8.5348 9.456
12.6291 13.394
8.7849 9.810
10.5535 11.359
12.2739 13.151
9.0791 9.968
10.6694 11.594
10.4276 11.430
8.9478 9.792
11.9965 12.906
10.1828 11.208
9.2716 10.501
8.9406 9.983
15.0602 15.827
10.0866 11.052
11.6683 12.313
8.4074 9.315
10.1499 11.108
10.8043 11.809
8.1348 9.060
8.4640 9.056
11.6388 12.579
10.6687 11.504
9.8869 10.852
13.7900 14.474
10.8025 11.672
8.7670 9.760
12.4603 13.404
12.7334 13.571
9.2055 10.126
12.7709 13.704
13.5363 14.437
12.7440 13.428
11.8214 12.758
11.0467 11.954
12.6557 13.283
11.8311 12.607
13.4016 14.074
11.3475 12.145
10.6458 11.658
7.1397 8.030
9.5957 10.589
11.4107 12.368
11.7760 12.610
11.5702 12.490
9.9119 10.863
9.5285 10.568
8.2589 9.380
11.4606 12.412
9.3952 10.432
12.3694 13.179
10.8036 11.638
9.5857 10.814
11.7029 12.412
8.5140 9.375
11.9280 12.588
7.2862 8.206
7.7311 8.597
7.7026 8.690
11.5045 12.152
8.5238 9.490
6.8265 7.674
8.2754 8.896
7.6903 8.961
6.7627 8.029
6.9037 8.002
6.3578 7.331
8.9300 9.962
12.4084 13.107
6.4877 7.413
9.4067 10.132
9.0255 9.497
7.9596 8.832
11.6984 12.642
9.1824 10.263
9.2960 10.021
7.0975 7.800
8.3333 8.919
8.6208 9.277
5.5175 6.011
7.6192 8.770
6.8013 7.529
12.1549 12.826
6.7991 7.568
8.1736 8.935
8.3738 9.085
9.4161 10.210
11.1865 11.912
8.5713 9.608
7.6089 8.447
9.1432 9.893
10.5231 11.308
5.9506 6.689
8.7413 9.482
8.7975 9.711
9.2295 10.100
9.1648 10.021
9.0155 10.024
6.7310 7.562
7.7761 8.581
7.6113 8.421
8.8504 9.243
8.5995 9.478
10.7888 11.743
8.0307 8.741
8.2963 9.260
8.9071 9.503
7.2772 8.277
5.9506 6.725
7.4122 8.068
7.2633 8.091
8.7128 9.087
8.1209 8.991
7.7213 8.576
10.8918 11.723
8.3740 9.178
12.8704 13.601
12.9011 13.602
11.2365 11.962
11.0727 11.767
12.7770 13.542
11.5201 12.381
10.9354 11.651
10.6419 11.432
10.5647 11.495
12.1125 12.894
10.6438 11.492
12.6052 13.366
11.1092 11.927
8.5943 9.634
10.5011 11.490
8.8105 9.904
11.6434 12.517
12.9859 13.833
8.0157 9.137
9.7788 10.976
9.6452 10.909
10.1274 11.113
10.4599 11.361
9.5646 10.474
13.5180 14.301
8.8058 9.854
7.8099 8.955
12.3935 13.255
11.3641 12.362
8.2587 9.297
7.9427 8.943
9.5764 10.637
7.6511 8.659
7.6487 8.698
8.1912 9.274
8.0590 9.078
8.9131 9.921
8.9251 9.830
9.5208 10.702
9.6714 10.769
12.5469 13.380
8.5086 9.597
10.0722 11.000
9.5854 10.575
8.3000 9.278
7.2834 8.302
10.5354 11.560
11.2750 12.232
11.2063 11.909
8.8278 9.897
7.4536 8.357
8.5891 9.608
10.8969 11.908
10.6808 11.715
10.1033 11.066
10.1855 11.053
9.4955 10.401
10.5292 11.607
8.8947 9.916
12.2825 13.062
9.9165 10.805
12.3874 13.265
10.9045 12.173
12.5359 13.498
11.8064 12.681
9.7536 10.830
9.9551 10.845
10.4366 11.375
9.9153 10.932
11.2212 12.217
11.3183 12.099
9.0645 10.097
9.0300 10.011
8.8010 9.713
7.8224 9.226
11.4733 12.463
8.3980 9.295
8.8535 9.966
8.4680 9.582
8.6861 9.652
7.6411 8.722
8.2028 9.146
7.2841 8.244
9.5180 10.454
8.2731 9.071
9.1328 9.969
9.8008 10.615
8.6903 9.680
8.6519 9.512
11.0292 11.920
8.3680 9.284
8.0941 9.071
8.5975 9.632
8.2147 9.227
9.6037 10.485
8.8691 9.870
8.5481 9.522
7.6464 8.651
8.5293 9.500
7.9687 8.925
10.0829 10.939
9.7126 10.518
7.8438 8.901
11.2879 12.217
7.2689 9.986
9.1052 9.992
10.0577 10.853
10.4026 11.218
7.0370 8.175
11.1898 11.920
7.9043 8.803
11.9398 12.603
9.2325 10.199
9.5951 10.473
9.7097 10.599
8.5921 9.509
9.7157 10.578
8.0190 8.946
8.9379 9.877
8.4863 9.418
7.6544 8.470
9.2210 10.146
12.4220 13.087
8.7114 9.738
8.3025 9.289
10.6125 11.520
10.0923 10.907
8.4994 9.484
6.7117 7.739
8.8248 9.816
8.9965 9.839
8.9490 9.942
8.1383 9.039
8.5180 9.598
9.5148 10.276
10.4650 11.287
9.4498 10.238
8.7426 9.628
12.4642 13.287
8.3809 9.315
6.8480 7.775
10.1113 10.914
9.4904 10.311
9.0085 9.895
8.3742 9.340
11.3383 12.024
9.2551 10.127
10.4677 11.233
8.0796 9.155
8.9579 9.821
8.7894 9.646
8.9466 9.830
7.8559 8.782
9.6973 10.499
10.3200 11.259
8.1409 9.103
9.3211 10.140
7.9834 8.929
8.4760 9.347
8.8149 9.820
8.0718 9.087
8.1244 9.066
8.8361 9.715
8.4906 9.410
7.5668 8.640
9.5957 10.518
8.5477 9.366
8.9199 10.534
7.9413 8.812
7.3796 8.417
10.2106 11.126
8.3433 9.283
8.9197 9.828
7.9320 8.992
8.5019 9.547
8.9415 9.784
7.5364 8.574
9.0174 9.963
7.9728 8.859
9.0127 9.957
8.7636 9.589
7.8427 8.855
8.4640 9.356
9.0745 9.887
11.0398 12.044
9.5932 10.448
8.6942 9.427
8.2467 9.097
9.2778 10.170
8.8916 9.860
8.4785 9.363
8.4255 9.384
8.2470 9.098
9.4693 10.385
8.1484 9.099
8.3955 9.239
6.6438 7.765
8.4040 9.255
8.1110 9.169
11.1436 12.109
9.7182 10.511
7.1468 8.141
8.6014 9.549
8.1671 9.111
9.9122 10.776
9.1187 9.987
7.5496 8.682
9.4098 10.287
7.8575 8.785
6.5610 7.616
8.6810 9.805
7.9980 8.974
8.3654 9.345
8.3830 9.394
9.6505 10.547
9.5223 10.400
9.0758 10.025
7.5969 8.637
7.6241 8.713
9.9468 10.819
8.2340 9.160
8.0907 9.143
8.1182 9.147
9.3304 10.165
10.0294 10.941
9.4762 10.348
9.5298 10.523
7.6737 8.792
8.8650 9.843
8.9414 9.940
6.7417 7.758
7.5658 8.547
8.3738 9.222
10.3683 11.094
7.9331 8.946
8.4138 9.301
8.3028 9.246
8.8518 9.801
11.3120 12.061
6.9782 8.115
10.2511 11.088
7.8164 8.843
7.8804 9.023
9.5317 10.504
8.5502 9.194
6.9402 8.006
9.0136 10.092
10.2287 11.097
7.7903 8.894
7.1468 8.114
5.7930 6.706
10.4050 11.335
8.1227 9.070
8.8650 9.874
5.7526 6.682
8.2088 9.248
7.2626 8.127
8.7070 9.978
8.0478 9.093
8.3109 9.288
8.3412 9.390
8.5214 9.382
8.5374 9.600
8.6827 9.635
8.7129 9.605
9.9894 10.998
9.4214 10.266
7.9295 8.917
7.2971 8.323
7.2612 8.142
8.8354 9.877
9.0086 9.889
9.5459 10.410
7.0975 8.088
8.0529 9.020
8.7270 9.669
7.9845 8.831
8.8856 9.864
7.0076 7.971
10.0327 10.876
7.7372 8.631
8.1083 9.082
10.3372 11.179
8.2674 9.414
8.7865 9.694
9.4989 10.262
7.6266 8.596
9.7185 10.574
7.5049 8.677
8.9783 9.840
8.7108 9.621
11.2713 12.034
9.5740 10.503
8.8352 9.735
8.6019 9.634
9.4783 10.392
10.0317 10.864
14.6714 15.474
9.0105 9.943
8.3373 9.311
10.4674 11.220
8.9516 9.804
9.0224 9.892
12.7443 13.398
9.0711 9.986
8.1167 8.982
9.4868 10.339
9.0252 10.006
8.7986 9.633
9.5497 10.673
9.7114 10.684
7.8928 8.934
8.7257 9.720
9.4560 10.328
8.0249 9.123
9.2413 10.080
7.3778 8.591
8.2480 9.117
10.0940 10.967
9.5468 10.403
10.1569 11.029
8.3898 9.334
9.5849 10.506
9.0151 9.930
9.2564 10.065
8.0196 9.172
11.7970 12.536
10.6578 11.541
9.8090 10.524
10.1937 11.028
12.2067 12.995
10.7669 11.626
8.7918 9.787
9.6885 10.500
9.7673 10.630
9.5419 10.367
9.6853 10.531
11.1538 11.904
10.9550 11.688
10.9422 11.785
9.8542 10.807
11.5327 12.419
9.7535 10.681
8.6876 9.580
8.8774 9.877
8.6208 9.615
8.5303 9.367
8.9807 9.867
9.0472 9.909
9.4352 10.363
9.6840 10.532
8.7037 9.585
9.9602 10.743
11.3922 12.208
8.9883 9.985
8.9064 9.716
8.8842 9.846
7.1261 8.390
7.8999 9.087
7.8785 8.713
9.5026 10.481
8.9185 9.774
11.2243 12.024
11.4743 12.497
9.2118 10.255
11.3567 12.078
8.1107 9.031
7.7956 8.722
9.1187 10.082
7.9807 8.907
10.0793 10.810
10.9669 11.791
8.8087 9.785
10.5641 11.464
8.6673 9.526
9.1272 9.996
8.7216 9.646
8.8604 9.801
8.8604 9.790
10.2714 11.097
11.8500 12.689
9.9809 10.942
11.6666 12.432
9.5739 10.413
9.4178 10.296
11.8096 12.592
10.2626 11.083
8.3923 9.231
8.7423 9.653
9.7205 10.503
8.5497 9.423
9.0865 9.889
9.7996 10.619
10.5683 11.394
9.2068 10.121
9.5102 10.359
8.1122 9.192
9.2697 10.234
9.5254 10.442
9.1726 10.079
9.5644 10.422
10.8947 11.764
9.6813 10.441
11.0468 11.830
9.2853 10.249
10.1850 11.022
8.9773 9.853
8.9118 9.883
9.0793 9.869
9.5450 10.409
10.4188 11.301
9.3590 10.322
10.5556 11.314
9.8860 10.690
9.3115 10.213
10.3598 11.153
9.8891 10.884
10.4895 11.372
9.6631 10.480
9.6367 10.505
9.2796 10.171
9.1852 10.053
9.4105 10.322
9.0695 10.036
10.4647 11.254
9.7267 10.641
10.2145 10.994
9.2126 10.148
12.2634 13.167
10.7541 11.595
9.7134 10.656
10.9117 11.844
12.7777 13.547
9.7319 10.575
8.3376 9.305
9.6204 10.592
10.7007 11.500
9.6708 10.477
9.9887 10.859
8.7128 9.605
9.6312 10.475
7.6014 8.539
8.9025 9.835
8.7088 9.670
8.7641 9.703
8.9755 9.870
8.5267 9.507
10.8706 11.693
9.3239 10.181
8.5828 9.492
9.3756 10.280
9.4239 10.308
9.1873 10.102
8.9461 9.883
11.5772 12.395
8.8763 9.924
9.7767 10.593
8.9448 9.871
8.9701 9.998
9.2716 10.114
8.9629 9.957
7.8686 8.875
10.9378 11.709
8.8577 9.730
7.9652 8.833
11.2434 12.028
8.8456 9.810
10.7928 11.629
9.7291 10.508
8.2646 9.102
9.7832 10.632
9.0277 9.995
10.3498 11.239
9.3605 10.142
9.2190 10.080
9.3534 10.174
8.2923 9.160
7.8782 8.653
8.7442 9.623
8.6305 9.649
8.1973 9.054
9.2337 10.071
11.0414 11.834
9.3395 10.172
9.2696 10.119
9.1165 10.038
9.1357 9.941
8.8760 9.779
8.5683 9.513
9.2110 10.041
8.9138 9.737
9.0262 9.832
10.0030 10.788
8.8521 9.695
8.7538 9.644
8.1654 9.060
9.0833 9.882
9.0971 9.956
10.1449 10.952
8.9902 9.848
9.4902 10.292
8.1637 9.116
8.2774 9.189
8.9679 9.848
9.9408 10.740
8.8313 9.656
10.6395 11.448
8.6282 9.498
9.2682 10.146
9.0096 9.883
8.6017 9.475
8.2893 9.148
8.5614 9.402
8.7227 9.572
8.4726 9.391
8.9866 9.790
8.6514 9.534
9.1383 9.988
8.7667 9.701
9.0199 9.846
8.3984 9.316
8.5354 9.413
8.2177 9.094
8.9227 9.644
9.1255 10.021
9.7021 10.503
8.9185 9.699
10.6932 11.311
9.0594 9.923
8.5358 9.466
9.0965 9.993
9.8202 10.671
11.3285 12.042
8.5493 9.397
8.3766 9.241
8.5751 9.464
8.5811 9.441
9.1800 10.037
9.4699 10.297
9.8652 10.637
8.6188 9.503
8.4890 9.419
8.4266 9.366
8.2417 9.127
8.6740 9.504
9.8032 10.607
8.8406 9.739
8.1531 9.032
9.0262 9.855
8.5214 9.451
9.2587 10.116
8.4145 9.338
11.9346 12.622
10.5543 11.368
9.0670 9.868
7.8379 8.718
8.6803 9.555
11.2153 11.983
8.7146 9.618
9.4834 10.335
10.4407 11.188
8.9610 9.879
8.1289 9.030
8.6528 9.536
8.1548 9.062
9.6704 10.602
9.6898 10.459
9.1125 9.910
8.0501 9.011
9.9368 10.735
8.5847 9.473
9.1724 9.993
10.6877 11.521
8.2319 9.113
8.8206 9.700
8.7927 9.658
8.1967 9.076
8.9280 9.819
7.9838 8.786
9.6159 10.352
8.8653 9.678
8.4809 9.388
9.9465 10.709
7.2682 8.104
7.6634 8.520
9.0489 10.012
7.3652 8.210
7.0527 7.862
8.3756 9.190
8.5877 9.433
8.2651 9.145
7.0975 7.845
9.6858 10.513
9.6523 10.543
7.6034 8.413
9.0625 9.912
8.1753 9.134
10.3879 11.122
7.5289 8.359
7.3690 8.273
9.4963 10.169
7.9759 8.800
9.3482 10.078
9.3637 10.098
9.1707 10.001
9.1311 10.304
7.3784 8.223
7.4691 8.292
8.0501 8.850
7.7350 8.544
6.7452 7.520
8.1923 9.078
7.0175 7.829
8.1456 8.959
9.5979 10.326
7.4230 8.246
6.9470 7.727
8.4978 9.362
8.8019 9.629
7.5903 8.564
11.8501 12.507
7.2876 8.141
8.2749 9.100
7.5186 8.305
9.2708 10.153
6.9632 7.812
9.8758 10.911
7.4265 8.329
8.0567 9.016
7.3473 8.154
9.7554 10.466
9.4918 10.198
8.7022 9.512
8.5980 9.456
7.6596 8.473
9.1116 9.981
8.2074 9.001
9.8091 10.652
7.9179 8.767
7.3492 8.147
8.4577 9.324
8.9846 9.850
7.5893 8.411
7.9509 8.808
8.7909 9.636
7.7948 8.692
7.8563 8.694
8.1831 8.995
8.1041 8.910
8.7869 9.601
8.4691 9.237
7.4793 8.320
10.3188 11.081
8.0456 8.931
8.5686 9.384
10.0202 11.058
7.9704 8.854
7.5433 8.415
8.2812 9.090
10.0858 10.797
7.8124 8.662
12.1011 12.813
9.0137 9.745
11.2381 11.950
7.3032 8.173
8.1608 8.956
7.8208 8.690
7.7795 8.647
6.9499 7.757
7.6634 8.462
9.3057 10.123
8.2843 9.042
7.4939 8.334
7.9817 8.834
6.7627 7.623
8.1696 9.052
7.1204 8.019
8.4661 9.403
7.4622 8.433
11.2021 12.057
8.6571 9.631
8.6649 9.555
8.6028 9.438
8.0117 9.082
9.5320 10.434
8.1479 9.212
9.0992 10.443
9.9346 10.733
8.9868 9.873
9.9083 10.924
9.2536 10.129
7.8544 8.953
8.3192 9.741
8.6757 9.732
9.7043 10.677
8.1781 9.311
8.6019 9.508
9.4195 10.310
10.4340 11.330
7.5110 8.610
8.1845 9.134
8.9337 10.129
8.4604 9.603
9.8471 11.110
9.3673 10.251
8.5747 10.032
8.0369 9.140
8.1131 9.127
7.9084 8.894
10.4864 11.361
8.0494 9.206
7.3595 8.840
8.3830 9.581
11.5015 12.226
8.4466 9.419
9.5192 10.794
9.9288 10.641
8.0183 9.101
7.4547 8.485
8.3759 9.292
8.5267 9.496
9.4787 10.435
8.8937 9.945
8.3740 9.309
9.5093 10.574
7.8838 8.954
10.0591 11.395
9.3486 10.642
8.7188 9.626
8.5311 9.642
9.7894 10.617
8.5124 9.452
7.7536 8.710
9.7433 10.740
7.9756 9.392
12.6102 13.436
9.3488 10.168
8.9302 10.103
10.9759 11.828
8.3502 9.794
8.9800 10.316
8.3950 9.386
9.4736 10.570
8.2185 9.555
7.5475 8.956
8.0643 9.607
8.9461 10.331
8.4098 9.585
8.7863 9.855
8.1047 9.129
9.1894 10.091
7.5974 8.778
10.1261 11.023
8.1493 9.657
8.1642 9.219
9.9796 10.884
8.0359 9.511
8.7884 9.793
9.1257 10.151
8.1798 9.541
8.8904 9.784
8.6325 10.036
7.3595 8.540
8.9723 9.852
8.1753 9.157
8.4299 9.421
8.9564 9.905
8.0883 9.401
9.2700 10.380
9.2470 10.225
7.9586 8.875
8.8771 9.988
9.3183 10.232
8.0907 9.096
7.0775 8.649
8.3070 9.304
9.1080 10.427
10.0902 11.303
8.1909 9.314
9.6806 10.732
6.6846 7.727
8.3251 9.544
8.8420 9.854
8.4109 9.525
9.1385 9.990
9.2007 10.057
8.7347 9.593
7.7845 8.687
9.1285 9.960
8.3647 9.382
8.1879 9.146
7.7651 8.740
8.7271 9.788
10.4001 11.182
8.3114 9.284
8.5285 9.742
8.5558 9.604
9.2146 10.416
7.5449 8.809
8.9795 9.785
9.9031 10.940
8.8378 9.971
9.8353 10.821
8.9027 10.002
9.4376 10.630
9.1747 10.298
8.6208 9.704
10.3638 11.298
11.6008 12.438
11.1563 12.027
8.1845 9.283
8.2174 9.141
8.2827 9.416
8.6869 9.746
8.9814 10.042
9.1022 10.155
11.9953 12.810
8.1301 9.373
8.6972 9.853
9.2381 10.414
8.9091 10.091
8.5785 9.723
10.1307 11.062
9.3190 10.378
8.6943 9.759
12.2356 13.027
9.3665 10.378
11.1392 11.918
10.3783 11.320
8.7108 9.741
9.6063 10.590
9.9702 10.982
8.4394 9.660
9.2608 10.457
9.5376 10.593
12.2954 13.232
10.8951 11.844
9.1270 10.167
8.9488 10.087
10.7793 11.815
8.1730 9.252
8.8214 10.007
8.8978 10.137
10.1886 11.068
9.6255 10.525
7.9882 9.192
9.0026 9.975
9.4128 10.371
10.2379 11.340
9.6151 10.602
10.1708 11.070
10.6822 11.616
10.2395 11.298
7.8376 9.050
10.5375 11.455
8.8060 9.960
9.7725 10.788
9.4101 10.887
9.6272 10.696
9.6668 10.683
8.8800 9.856
8.1881 9.466
7.9680 9.408
8.5285 9.755
10.6855 11.508
10.3632 11.422
11.4706 12.282
9.3294 10.220
9.6412 10.640
10.7558 11.607
9.4292 10.402
9.2001 10.153
9.9162 10.800
10.9335 11.827
8.8359 9.777
9.3221 10.268
9.7518 10.715
9.2127 10.254
9.3407 10.462
10.9927 11.847
10.3192 11.296
12.0382 12.823
12.6991 13.393
9.5578 10.452
9.1944 10.049
10.7220 11.475
10.0942 11.009
10.3387 11.194
9.5008 10.329
10.8862 11.650
9.1681 10.184
11.0466 11.890
11.0186 11.683
8.8656 9.722
12.6107 13.269
12.7283 13.407
9.3264 10.146
10.0191 11.000
8.9468 9.862
9.4103 10.150
10.7816 11.635
10.2925 11.075
9.5292 10.338
12.6321 13.575
10.9794 11.904
11.0592 11.885
12.2664 13.070
8.2963 9.098
12.5984 13.359
10.3101 11.071
12.1919 13.001
11.0982 11.840
13.4323 14.128
7.9062 8.534
12.6016 13.315
12.0769 12.912
12.5947 13.385
12.5919 13.379
7.9084 9.184
8.0609 9.129
10.4349 11.309
9.3680 10.383
8.6286 9.692
8.4103 9.596
7.8834 9.045
9.8284 10.731
10.7394 11.694
8.2903 9.324
11.1468 12.051
9.6901 10.601
10.9615 11.860
9.8891 10.809
8.9200 9.898
8.8152 9.935
9.1750 10.276
8.8432 10.078
10.0851 10.931
8.0693 9.155
9.5262 10.570
9.1928 10.140
10.6125 11.388
9.1378 10.042
12.0541 13.018
8.6793 9.901
8.7615 9.887
10.0818 10.913
9.6402 10.607
9.6965 10.647
9.3769 10.542
9.4682 10.503
11.7467 12.526
9.8435 10.855
8.8944 10.252
8.3869 9.520
9.9719 10.898
11.0046 11.928
11.5023 12.266
8.1493 9.301
12.2201 13.004
6.1399 7.582
7.6592 8.950
10.1614 11.156
8.6433 9.547
10.4987 11.407
10.6276 11.515
7.7319 8.803
8.0678 9.228
12.6289 13.451
8.9833 10.044
10.1779 11.213
9.1894 10.179
9.4988 10.517
9.1933 10.173
10.3102 11.206
8.1068 9.211
10.8627 11.810
9.8057 10.769
7.6187 8.921
11.0271 11.967
9.4211 10.460
13.0556 13.827
8.9249 9.998
8.4562 9.707
8.1047 9.196
8.7701 9.848
7.6363 8.833
8.6291 9.615
11.1791 11.965
8.3692 9.565
8.4691 9.703
11.3458 12.337
10.8547 11.840
10.0504 10.934
9.5476 10.616
7.9487 9.056
10.2320 11.172
9.9223 10.950
10.1373 11.109
11.7641 12.486
13.6885 14.664
9.1173 10.130
8.3253 9.503
11.4835 12.185
9.2770 10.286
9.3909 10.341
9.3053 10.134
8.0242 8.951
10.1100 10.865
9.4523 10.262
9.2997 10.306
9.8092 10.519
8.7561 9.954
8.7091 9.611
9.3006 10.154
10.0165 10.806
7.9331 9.078
7.4431 8.316
8.7333 9.606
9.5898 10.638
11.4932 12.177
8.7725 9.600
9.3784 10.234
8.9718 9.889
9.1209 9.995
9.6610 10.500
9.7626 10.564
7.8913 8.877
13.1251 13.755
8.9881 9.819
8.4760 9.553
9.1728 10.069
9.6054 10.670
8.6943 9.524
8.4532 9.406
9.6767 10.512
7.8602 8.805
8.7823 9.774
8.3654 9.267
8.4949 9.476
7.4037 8.233
9.2094 10.061
8.0929 9.012
9.3386 10.134
9.5170 10.297
7.5027 8.618
8.4523 9.474
9.3106 10.114
9.0543 9.932
8.8802 9.821
9.2604 10.285
9.7244 10.606
8.4031 9.350
9.4366 10.201
9.1709 9.991
8.1362 9.146
10.7693 11.429
9.9166 10.857
8.7531 9.632
8.8656 9.897
8.4392 9.366
9.5338 10.458
8.4058 9.363
12.3487 13.038
7.4134 8.607
8.9423 9.870
9.0026 9.923
9.9230 10.738
8.4446 9.278
8.4281 9.439
11.3910 12.311
9.9336 10.687
9.4287 10.305
8.8130 9.645
10.7553 11.591
9.5629 10.319
8.4264 9.334
8.5335 9.466
9.1252 10.126
7.6353 8.620
9.0175 9.869
8.5128 9.560
9.0124 9.822
10.8979 11.640
8.5423 9.422
8.1306 9.042
9.9342 10.741
10.1217 10.979
8.5880 9.521
9.5657 10.547
9.5125 10.405
8.4233 9.500
8.7877 9.896
7.9359 9.006
9.5679 10.735
8.6995 9.659
8.0659 9.187
8.8577 9.789
7.9773 9.104
8.2664 9.415
8.7400 9.737
8.9818 9.956
9.3151 10.516
9.0957 10.185
8.5551 9.675
10.0039 10.895
10.2050 11.097
7.8988 9.012
8.5423 9.635
8.0034 9.192
9.0249 9.957
9.0042 10.106
10.9024 11.968
11.6171 12.433
8.7047 10.041
8.2595 9.541
6.6254 7.829
9.0324 9.929
10.7277 11.678
8.6047 9.756
7.9102 9.124
8.3395 9.535
10.0882 11.033
8.0678 9.225
9.4584 10.342
9.1175 10.078
10.2827 11.255
8.3880 9.434
8.7045 9.841
10.1607 10.951
9.5394 10.634
9.2741 10.314
9.9667 10.956
9.6518 10.636
9.0893 10.154
9.1818 10.285
9.5814 10.502
8.4270 9.500
9.0617 10.077
8.9192 9.901
8.2830 9.488
9.5087 10.491
9.1656 10.245
9.3488 10.428
8.0827 9.196
9.4575 10.496
9.0451 9.948
9.1948 10.086
8.2553 9.444
10.3292 11.148
9.1470 10.108
7.7244 8.982
9.0832 10.062
8.6010 9.620
8.1110 9.181
9.2759 10.458
8.5218 9.750
8.8995 9.909
8.8791 9.838
8.9188 9.822
7.7886 9.174
9.1039 9.987
8.4125 9.529
9.9325 10.851
10.1382 11.189
8.7951 9.859
8.2362 9.239
8.0401 9.212
8.8374 9.876
8.4661 9.486
9.1217 10.216
9.2875 10.121
8.6181 9.545
8.1562 9.060
9.3333 10.183
9.1209 10.102
8.3896 9.331
8.7283 9.672
8.2913 9.407
8.1365 9.240
10.8396 11.516
10.5088 11.383
9.4993 10.537
8.1131 9.066
9.5613 10.381
8.9318 9.904
10.1926 10.982
8.4377 9.403
7.3926 8.599
10.0254 10.840
8.3340 9.383
8.3212 9.258
9.1241 10.016
8.0932 9.047
11.1356 11.824
8.7620 9.675
10.1753 10.944
8.7415 9.591
8.7887 9.814
7.9388 8.906
8.3222 9.400
8.1143 9.094
8.1032 9.014
8.5719 9.583
8.3393 9.358
9.4148 10.500
10.2838 11.173
8.6052 9.486
8.0901 8.973
11.3009 12.129
8.5069 9.389
8.2883 9.199
8.9427 9.887
7.5235 8.758
7.8152 8.836
8.3476 9.211
9.2598 10.268
8.2158 9.313
12.5976 13.352
10.5017 11.373
11.0237 11.892
9.5842 10.572
7.6464 8.614
9.1394 10.099
9.4639 10.306
9.3407 10.274
8.3941 9.296
9.0392 10.007
8.7442 9.648
8.7686 9.663
8.6282 9.610
8.7659 9.699
8.1923 9.280
7.9773 8.929
9.3637 10.262
7.5099 8.452
8.8436 9.827
8.5618 9.663
8.4853 9.398
8.2865 9.181
8.3598 9.353
8.5283 9.532
8.9518 10.040
9.7028 10.610
9.1639 9.998
8.0596 9.233
8.5146 9.393
7.8571 8.982
8.9798 10.126
8.8269 9.728
9.6267 10.501
9.4719 10.423
8.8432 9.773
10.0312 10.743
8.8595 9.842
9.1053 10.645
7.6998 8.714
8.1212 9.103
9.1763 10.144
9.0651 9.970
7.7120 8.886
8.2134 9.430
11.1106 11.878
8.0526 9.062
8.7472 9.627
9.6141 10.659
13.0600 13.789
9.2674 10.123
7.5883 8.513
7.6615 8.596
9.6545 10.587
7.9669 8.972
8.0027 8.965
9.2718 10.275
8.5775 9.654
7.9759 8.913
8.9562 9.926
8.9531 9.955
8.9994 9.893
8.6684 9.609
8.6036 9.797
8.1110 9.330
8.8864 9.924
6.9754 8.009
8.6596 9.692
12.0614 13.023
8.1884 9.010
8.2845 9.314
7.9175 8.853
7.1468 8.091
8.0459 8.999
6.7464 7.495
10.3957 11.298
7.8308 8.714
8.6876 9.481
7.0139 7.949
8.6577 9.376
8.4859 9.434
7.3219 8.233
8.5947 9.478
9.9119 10.858
9.8591 10.665
6.6631 7.412
8.3650 9.271
6.0890 6.933
6.8926 7.901
8.9570 9.797
7.9718 8.857
7.0103 7.880
8.7963 9.855
9.9308 10.669
6.8145 7.753
8.6107 9.784
7.0423 7.901
7.8043 8.603
6.8617 7.675
7.2049 8.209
10.4122 11.238
7.4325 8.395
8.5648 9.462
5.6664 6.484
7.6907 8.588
7.9638 8.814
7.1554 7.832
7.8208 8.847
6.5737 7.515
8.9624 10.021
8.6079 9.412
8.3528 9.256
8.3255 9.200
7.8713 9.068
7.7807 8.596
9.6072 10.547
7.6502 8.630
7.2563 8.075
7.8640 8.778
7.7222 8.623
5.9636 6.888
8.4072 9.235
6.9373 7.766
6.3135 7.297
10.8079 11.590
9.5918 10.330
8.1233 9.068
5.5491 6.240
5.9454 6.822
5.8260 6.765
8.0392 8.908
8.7499 9.524
7.1997 8.111
7.5208 8.384
9.7193 10.457
8.1870 9.084
8.2319 9.141
9.0367 9.918
8.3841 9.339
7.6099 8.467
8.0090 8.818
8.4461 9.216
8.1277 9.000
8.3251 9.199
8.5172 9.364
8.6609 9.538
8.8915 9.715
8.4227 9.170
9.2314 10.012
6.9157 7.808
7.9817 8.873
9.6945 10.487
12.1402 12.891
6.9622 7.958
8.0983 8.977
7.5601 8.384
7.3859 8.201
7.8872 8.777
9.3182 10.104
7.2071 7.938
6.9027 7.767
6.8395 7.668
5.9839 6.776
7.2577 8.149
10.0396 10.772
8.3126 9.137
7.5071 8.364
6.3063 7.212
7.3859 8.313
8.6048 9.514
5.9989 6.897
7.8800 8.820
8.4083 9.191
7.7341 8.572
8.0675 8.861
8.3995 9.144
6.3526 7.170
7.7293 8.493
8.4591 9.346
11.5279 12.169
9.7100 10.503
5.9989 6.890
5.9738 6.755
5.4972 6.385
9.6111 10.354
8.2454 9.098
7.8268 8.713
7.4799 8.463
8.1814 9.032
7.9427 8.813
8.8073 9.627
7.3939 8.278
7.3607 8.198
8.4871 9.187
8.2137 9.045
9.5222 10.269
7.8721 8.751
8.6822 9.442
8.4379 9.333
7.0157 7.776
8.6573 9.482
10.3796 11.362
8.9666 9.837
9.7306 10.554
8.8310 9.667
8.1568 8.928
7.4182 8.349
6.6580 7.520
7.9494 8.787
8.0734 8.933
6.0615 6.880
7.9069 8.879
7.7744 8.636
8.8499 9.649
8.4355 9.196
7.6309 8.488
6.1463 6.966
8.8254 9.602
8.5576 9.540
12.3233 13.045
9.1757 9.874
8.9842 9.756
6.0450 6.655
6.4520 7.088
8.4174 9.153
7.6271 8.312
7.2807 8.224
8.6262 9.517
7.8268 8.735
8.3248 9.110
7.3408 8.133
6.6670 7.315
11.5912 12.173
8.1750 9.007
9.6512 10.374
9.8872 10.666
9.3811 10.237
10.2771 11.036
9.5334 10.467
10.3024 11.094
11.8147 12.530
10.7539 11.495
11.4160 12.156
10.5740 11.355
9.7114 10.493
11.3256 12.176
12.9506 13.647
11.9401 12.800
12.1933 13.064
10.2598 11.317
10.8755 11.797
12.7904 13.654
11.3476 12.205
12.3874 13.230
10.6179 11.377
11.8693 12.637
12.5796 13.297
12.2793 13.128
12.2123 12.918
11.6952 12.754
12.2039 13.011
10.1392 11.077
11.5358 12.221
10.8533 11.662
12.3970 13.130
10.5242 11.343
12.1247 12.948
6.7946 7.908
9.8636 10.841
8.5936 9.522
9.5780 10.645
6.8211 7.805
10.4565 11.475
9.7962 10.775
9.1276 10.173
7.2619 8.410
6.0497 6.993
7.6014 8.707
10.0677 10.933
8.5033 9.305
9.1324 9.775
8.4222 9.654
9.7758 10.942
6.8732 8.344
9.4962 10.707
8.3345 9.266
9.1476 10.284
8.7286 9.661
9.3986 10.445
10.3265 11.307
8.9018 10.032
10.4067 11.232
7.6387 9.042
8.4123 9.438
8.8564 9.875
7.7928 8.921
7.4861 8.460
11.8002 12.563
9.8591 10.854
11.4596 12.272
10.4405 11.358
10.3594 11.288
11.0119 11.897
10.5659 11.489
9.9309 10.806
10.2109 11.299
10.1163 10.993
9.9160 10.795
9.8125 10.754
11.5697 12.409
12.9523 13.830
9.4752 10.496
9.6757 10.712
10.0119 10.917
10.1634 10.992
9.6421 10.617
7.4188 8.524
10.1892 11.108
10.3917 11.386
13.6180 14.618
9.1327 10.128
10.0937 10.950
10.1618 11.084
12.6877 13.462
10.0179 10.886
13.3460 14.094
11.4569 12.334
11.4939 12.443
12.2319 13.047
10.5764 11.395
11.5516 12.466
9.6891 10.558
10.6397 11.643
10.0621 10.986
10.4366 11.254
11.0678 11.931
11.6916 12.466
10.5744 11.647
11.0698 11.943
11.0748 11.918
9.2750 10.299
8.8475 9.780
9.5608 10.426
10.5796 11.505
13.1966 14.065
10.1202 11.084
9.9537 10.816
10.6022 11.374
11.1098 11.971
9.9541 10.912
9.9459 10.911
10.4745 11.345
12.9365 13.672
9.6483 10.594
9.0816 9.973
10.8139 11.506
9.4458 10.126
8.3042 9.168
9.2841 10.152
9.1020 10.013
8.6703 9.575
9.7101 10.605
8.9534 9.953
9.3386 10.325
9.4853 10.485
11.1797 11.988
10.4723 11.191
10.6699 11.360
10.4005 11.123
7.6246 8.670
9.6584 10.623
9.0517 9.938
10.9067 11.563
9.7676 10.416
8.8416 9.848
8.4623 9.438
7.7786 8.797
10.5439 11.331
9.8837 10.840
10.0657 11.171
11.1866 12.417
8.2207 9.313
8.6030 9.501
10.9315 11.636
9.3271 10.110
9.7354 10.620
11.2186 11.933
10.0921 10.932
11.6632 12.403
9.4442 10.310
11.2941 11.998
8.1164 9.091
7.8095 8.884
9.5332 10.435
8.8055 9.687
11.9598 12.667
9.9107 10.916
10.0660 10.994
9.7801 10.747
10.0822 10.978
9.1195 10.059
8.9897 9.922
7.6615 8.678
10.5980 11.321
9.2122 10.158
10.3736 11.164
8.2209 9.180
9.7384 10.511
10.1504 10.999
9.9263 10.654
9.6662 10.467
8.9464 9.912
8.7341 9.730
9.2777 10.163
12.2368 12.909
8.7022 9.576
9.2604 10.019
10.0051 10.829
10.3077 11.114
10.7154 11.547
8.9580 10.007
10.1721 11.633
10.5316 11.252
8.2252 9.249
9.2791 10.256
9.0704 10.010
8.1424 9.157
9.4365 10.280
10.5899 11.409
8.5790 9.471
10.7688 11.421
9.8323 10.725
10.5762 11.528
10.5469 11.331
10.7633 11.504
10.0718 10.892
9.9279 10.813
9.4960 10.382
10.0679 10.789
9.5882 10.406
10.2047 10.992
8.2212 9.238
9.1596 10.061
7.1861 8.287
10.4183 11.162
9.5731 10.511
11.9470 12.616
8.6844 9.694
8.5995 9.602
9.4864 10.363
10.5314 11.483
10.2276 10.979
10.2185 11.053
9.4804 10.255
8.6512 9.611
7.3908 8.184
8.6221 9.544
7.8427 8.980
6.2383 7.037
8.0778 9.131
7.5725 8.349
7.1808 8.248
10.2171 10.911
10.6722 11.387
7.8536 8.940
8.0236 8.882
7.2130 8.158
7.5751 8.439
7.1717 8.175
7.6314 8.678
7.5606 8.436
6.7856 7.779
10.1774 11.098
7.5326 8.360
7.3356 8.219
7.5422 8.360
7.3025 8.251
7.7786 8.775
7.1997 8.158
7.8951 8.969
7.6241 8.476
7.9943 8.872
8.3943 9.424
8.3013 9.148
9.2913 10.133
8.0037 8.946
7.5005 8.562
6.9117 7.822
8.3146 9.249
7.7803 8.726
8.6234 9.476
7.8462 8.809
7.1269 8.190
8.9598 9.863
8.1970 9.407
7.7098 8.614
7.0405 7.944
7.0501 8.194
6.1924 7.053
9.2944 10.073
7.0951 8.041
9.2599 10.092
7.2876 8.307
8.2295 9.172
8.6596 9.640
9.9856 10.974
7.8248 8.850
9.2738 10.009
8.9065 10.099
10.7354 11.628
9.9200 10.740
10.6317 11.554
9.9054 10.940
9.8126 10.658
10.3616 11.321
9.3719 10.371
11.5904 12.463
9.1817 10.150
9.5773 10.423
11.0083 11.920
10.9027 11.763
9.5706 10.451
10.7299 11.640
9.5987 10.491
9.9258 10.821
13.3982 14.219
10.0124 10.916
9.7012 10.596
10.1018 10.893
10.4286 11.285
10.5899 11.447
9.2581 10.220
12.9212 13.675
9.6777 10.538
9.3279 10.312
10.4223 11.218
10.8791 11.773
9.6997 10.646
12.8524 13.679
10.2806 11.075
9.4578 10.395
8.7344 9.806
9.3923 10.253
9.4161 10.418
9.0949 10.098
9.3466 10.289
10.0083 10.907
9.2418 10.328
10.4364 11.424
9.8288 10.743
11.5278 12.268
9.9718 11.064
10.8532 11.703
9.6642 10.575
11.6212 12.524
12.1691 13.064
9.4981 10.404
11.6215 12.575
10.2441 11.126
10.8161 11.636
8.9148 10.070
9.7142 10.554
10.5905 11.411
8.6793 9.763
12.3929 13.256
8.4594 9.563
9.2624 10.184
10.3965 11.330
8.2837 9.333
9.7033 10.598
9.0047 9.966
9.3034 10.342
9.7598 10.684
8.8704 10.034
10.9948 11.819
9.6690 10.551
9.5101 10.404
10.9193 11.784
10.1041 11.082
10.2008 11.055
10.1749 11.345
10.1342 11.033
9.8326 10.671
11.9838 12.844
12.3235 13.170
11.4959 12.396
10.4371 11.345
9.4514 10.293
9.4777 10.324
8.2375 9.357
10.6216 11.505
10.1542 11.070
10.6804 11.486
9.6820 10.501
10.7512 11.584
9.1647 10.028
8.7270 9.829
7.9732 8.864
8.2715 9.453
7.9926 8.825
8.9330 9.864
8.6054 9.506
9.3673 10.326
9.3215 10.338
10.1389 10.941
9.7980 10.683
9.2844 10.331
8.6252 9.752
7.3753 8.201
11.0681 11.799
7.5164 8.706
10.4627 11.630
7.9135 8.900
8.6172 9.616
10.0949 10.985
9.4030 10.165
8.9891 10.083
7.7196 8.686
7.8324 8.629
10.2396 11.048
9.2898 10.234
9.6760 10.583
7.8196 8.782
7.8324 8.857
7.4043 8.416
7.6611 8.458
8.1625 9.306
8.4968 9.570
9.1585 10.320
8.0593 9.023
8.1212 9.245
10.0097 10.816
8.6992 9.560
8.4502 9.450
8.0379 9.194
9.5133 10.613
9.2516 10.188
9.3195 10.199
8.0216 8.918
9.0360 9.917
9.4003 10.495
8.5208 9.652
8.2377 9.079
8.1956 9.263
9.3917 10.381
8.4627 9.404
10.1661 11.112
8.4962 9.356
8.3900 9.348
8.2659 9.317
12.5082 13.251
9.5280 10.575
9.7121 10.579
9.4513 10.400
8.7683 9.636
10.2233 11.041
9.5281 10.609
9.5069 10.392
9.9930 10.919
8.2096 9.373
7.5974 8.476
9.9122 10.745
9.2102 10.220
9.2975 10.333
9.8282 10.678
9.0021 9.782
8.4174 9.425
12.3484 13.061
9.7502 10.640
10.0317 10.781
8.6820 9.532
8.5250 9.298
9.1667 9.960
8.6930 9.688
10.2968 11.130
11.6092 12.396
9.4686 10.388
9.5227 10.481
10.1115 11.067
8.5190 9.479
8.7289 9.740
10.1577 11.037
10.4638 11.448
6.8123 7.629
8.0681 9.013
8.1071 9.025
8.8198 9.670
10.8548 11.794
8.4523 9.358
9.8780 10.982
10.0039 10.987
8.0668 8.926
11.6735 12.525
9.5899 10.470
10.4724 11.401
9.2492 10.199
11.3432 12.229
8.0830 8.925
12.4986 13.240
9.7903 10.718
6.7946 7.683
9.0305 9.960
10.1386 10.982
9.1242 10.082
7.8816 8.891
9.0601 9.986
11.7273 12.412
6.2480 7.321
10.0608 10.921
10.3621 11.131
13.3326 14.187
10.2153 11.261
11.3031 12.228
9.7335 10.753
11.8912 12.652
10.8712 11.825
10.1048 11.049
12.3191 13.079
10.9970 11.904
11.0443 12.118
7.8509 8.806
9.9798 10.883
10.7612 11.633
11.9066 12.665
9.6643 10.677
10.3406 11.333
9.6141 10.570
10.1788 11.034
10.4740 11.394
11.3424 12.098
11.5882 12.355
12.4172 13.226
9.6943 10.554
11.6724 12.541
10.8613 11.979
7.5197 8.531
10.8402 11.640
8.5152 9.460
9.4874 10.608
9.6381 10.651
10.4341 11.432
9.7926 10.785
8.9702 9.862
11.4296 12.336
12.0540 12.800
10.6052 11.582
10.8282 11.595
11.7683 12.514
11.8130 12.745
10.7869 11.682
9.9305 10.832
10.8318 11.762
9.8097 10.755
10.3127 11.147
12.6456 13.374
8.8112 9.721
11.5046 12.325
10.5861 11.516
9.6183 10.483
13.3450 14.339
8.8439 9.813
8.7568 9.782
11.0411 11.986
9.5668 10.421
10.3028 11.305
7.7030 8.756
9.6103 10.542
9.6269 10.620
9.4801 10.400
10.1285 11.073
9.9058 10.767
11.3349 12.288
9.5211 10.469
11.9620 12.879
9.2298 10.182
11.9036 12.653
9.9681 10.756
11.1955 11.945
10.3800 11.306
12.4612 13.255
10.6536 11.443
9.1759 10.026
10.7286 11.567
8.2456 9.278
11.0256 11.799
8.7650 9.804
8.9769 9.896
9.8961 11.087
10.4062 11.458
8.5218 9.409
11.6001 12.530
9.7945 10.620
9.4791 10.313
9.7126 10.549
9.2212 10.220
9.4198 10.366
10.0997 11.046
9.3630 10.344
10.0225 10.985
8.8604 9.771
8.9899 9.937
10.7289 11.609
9.7256 10.656
11.8199 12.570
10.2014 10.930
8.7965 9.806
10.6705 11.527
8.5824 9.582
9.7222 10.571
10.1509 10.884
10.0359 10.863
8.8390 9.848
11.1327 11.851
7.9970 8.961
9.4996 10.439
9.3899 10.362
9.5647 10.349
9.9996 10.791
10.3714 11.317
10.5044 11.280
11.6668 12.504
8.8066 9.689
11.4126 12.221
10.3111 11.387
9.5436 10.334
9.5282 10.551
10.8057 11.578
7.2457 8.196
9.0672 9.862
7.0545 8.020
8.1693 8.994
9.3566 10.099
9.7760 10.517
7.8200 8.565
6.1527 7.492
8.1685 9.032
6.8824 7.715
8.2454 9.177
7.5554 8.495
8.6627 9.524
9.1257 9.946
7.3212 8.555
7.8536 8.699
9.0026 9.788
8.1065 9.003
7.6285 8.573
7.6251 8.587
7.4236 8.338
7.7275 8.548
8.1185 9.040
7.1632 8.109
8.2372 9.106
7.7588 8.702
7.0942 7.935
7.6153 8.568
7.6396 8.506
7.2435 8.135
6.6174 7.438
8.8852 9.562
8.2810 9.143
6.7441 7.634
7.0184 8.142
7.1115 7.982
6.4329 7.288
7.9424 8.806
8.4067 9.280
8.9564 9.816
8.7072 9.542
7.2626 8.259
7.9342 8.770
7.4079 8.300
7.6998 8.594
8.8751 9.938
6.6120 7.718
7.1701 8.226
10.8807 11.603
7.9377 8.808
10.2767 11.161
7.7367 8.455
7.3402 8.209
8.3248 9.297
7.0423 8.075
7.8702 9.334
8.2142 9.127
7.1074 7.837
6.7696 7.595
7.7089 8.899
8.0706 8.891
8.2769 9.132
8.4058 9.300
7.9579 8.855
9.1468 9.849
6.7616 7.744
10.2498 11.117
9.4352 10.237
8.6255 9.609
8.1851 9.156
10.3532 11.261
10.2893 11.120
9.2995 10.460
8.3855 9.233
9.3344 10.250
9.8786 10.823
9.1201 9.981
8.5547 9.451
9.0259 10.110
7.9963 8.945
9.2177 10.267
9.7114 10.553
8.6431 9.611
9.2283 10.263
12.3450 13.077
8.3636 9.292
8.6107 9.517
9.4112 10.310
9.5494 10.453
9.0645 10.138
8.5152 9.604
9.4345 10.373
9.8837 10.809
9.2577 10.111
8.7020 9.726
10.0120 10.904
8.3896 9.531
9.9320 10.805
11.7418 12.569
7.6280 8.837
8.9914 10.080
9.0727 10.011
9.6866 10.686
8.8155 9.919
9.0488 9.970
9.3234 10.263
8.7106 9.625
7.7253 8.835
8.7299 9.677
8.1786 9.148
9.4494 10.350
8.4986 9.528
11.8610 12.675
7.8268 8.916
9.0525 10.108
9.4788 10.437
8.2963 9.179
9.3421 10.184
9.4025 10.259
9.7579 10.642
9.0737 10.022
8.7865 9.661
10.3601 11.219
9.0183 10.103
9.0407 9.888
10.0094 10.841
7.9544 8.913
9.2841 10.264
10.2449 11.330
7.5843 8.414
8.5558 9.717
9.5022 10.397
8.8194 9.774
7.7459 8.717
7.4116 8.379
8.5007 9.518
9.9087 10.772
9.1602 10.095
9.8679 10.787
9.6598 10.519
10.5613 11.339
8.6132 9.865
7.9983 9.060
9.7360 10.631
12.6832 13.563
8.7358 9.611
7.9997 9.067
11.0152 11.877
10.5367 11.359
9.4065 10.402
7.9872 8.722
8.7339 9.702
8.4054 9.367
7.6765 8.461
9.5376 10.393
10.5380 11.393
8.5945 9.542
9.4909 10.401
9.0338 9.881
10.2176 10.970
10.1291 10.934
9.4978 10.555
8.7088 9.497
10.1685 11.069
8.4994 9.565
8.0646 8.891
6.7429 7.597
9.1082 10.128
8.9610 9.782
8.0977 9.008
7.9121 8.865
9.1847 10.115
7.7639 8.500
9.0851 10.167
10.8487 11.969
12.8524 13.804
7.6133 8.451
5.8141 6.755
8.5901 9.503
10.3154 11.229
11.2642 12.041
10.6029 11.446
8.0545 8.932
6.8814 7.855
8.0160 9.039
9.5244 10.406
8.5047 9.418
8.7271 9.787
9.0638 10.070
9.0425 9.882
8.3857 9.304
11.1761 12.253
8.2556 9.135
7.9565 8.805
9.2979 10.289
8.2880 9.264
8.9554 9.827
9.6643 10.548
7.9226 8.846
8.3251 9.167
7.4645 8.481
7.1663 8.069
8.3080 9.253
11.1334 11.881
7.5175 8.444
8.9465 9.842
9.6579 10.503
8.4941 9.442
7.0733 7.977
9.4116 10.227
9.3471 10.946
7.0665 7.988
7.5364 8.433
7.5310 8.435
8.0627 9.089
7.1221 8.106
7.9194 8.784
13.5989 14.257
8.7641 9.691
9.0343 9.960
7.4961 8.484
11.1933 11.871
8.9095 9.847
7.1686 8.171
8.2409 9.338
7.4348 8.312
8.3089 9.434
8.9632 9.877
10.9336 11.655
6.5367 7.617
10.1706 10.997
12.0278 13.081
9.1598 10.023
8.8615 9.795
9.2146 10.097
9.0170 9.843
7.7213 8.681
8.2298 9.193
6.7130 7.676
11.0346 11.782
7.8823 8.838
8.5740 9.604
8.4615 9.531
8.5647 9.484
11.4264 12.184
7.6728 8.582
8.6918 9.512
6.1841 7.173
7.6363 8.555
8.8197 9.738
9.3551 10.180
10.6135 11.405
10.7297 11.507
8.5631 9.516
9.8936 10.751
9.6357 10.534
7.6606 8.629
8.1262 9.023
7.9589 8.733
7.8240 8.759
9.6876 10.614
14.0183 14.695
9.9615 10.864
7.4212 8.290
8.0421 8.952
9.7356 10.611
7.7903 8.576
9.7384 10.659
11.4727 12.554
9.1800 10.127
9.1442 10.053
8.9195 9.782
9.2714 10.136
8.8250 10.012
9.5391 10.408
6.9108 7.911
10.0859 10.919
9.3322 10.177
6.4265 7.234
8.0209 8.910
8.5940 9.499
9.3133 10.334
6.4378 7.406
11.5840 12.423
7.4928 8.550
9.5412 10.505
10.3242 11.122
8.8031 9.756
8.5641 9.517
9.7402 10.572
8.3834 9.271
5.3799 6.297
6.2672 7.043
9.3218 10.267
7.4460 8.309
5.3083 6.052
6.6958 7.731
9.4202 10.415
7.6372 8.580
9.7493 10.649
8.9015 9.834
8.3957 9.393
7.5044 8.615
8.9717 9.852
8.3657 9.301
8.1104 9.168
9.8187 10.759
8.9270 9.914
7.4188 8.233
8.2535 9.170
8.1032 9.224
3.8067 4.510
11.4964 12.262
8.0314 9.060
8.1134 9.075
11.2032 12.048
5.9375 6.670
8.0687 9.273
8.1674 9.245
7.5522 8.451
7.3441 8.211
9.7200 10.540
9.1245 10.354
9.0509 10.050
6.7765 7.760
10.6395 11.322
9.0601 10.031
7.4816 8.406
8.1775 9.114
8.8612 9.764
10.9601 11.753
8.8956 9.715
8.6854 9.590
6.6227 7.575
9.9198 10.753
9.5879 10.472
8.3364 9.492
8.9050 9.761
11.6508 12.499
8.4074 9.168
6.8156 7.733
10.4468 11.336
9.2000 10.088
8.9808 9.939
9.8663 10.705
8.3530 9.309
8.7035 9.590
8.9994 10.102
10.7238 11.499
7.4230 8.554
7.4827 8.484
10.5504 11.226
7.3859 8.327
6.7719 7.811
8.6396 9.686
8.6275 9.667
8.2099 9.136
6.2025 7.079
8.5150 9.592
8.8772 9.583
8.4513 9.381
9.7108 10.630
7.8887 9.071
8.0137 9.080
8.2308 9.344
10.0074 10.968
7.7660 8.672
7.0370 7.944
9.0092 9.808
7.3976 8.272
9.0438 10.046
7.2759 8.062
10.9693 11.762
7.4348 8.331
8.9317 10.213
8.3749 9.202
6.2519 7.095
6.8721 7.785
7.7394 8.542
8.3013 9.182
12.9577 13.665
10.7817 11.616
6.4953 7.374
8.7250 9.587
6.7604 7.627
9.0956 9.973
10.5620 11.347
12.2490 12.947
8.0536 9.153
8.5828 9.694
9.3178 10.261
7.5132 8.437
9.0199 10.018
9.2557 10.488
9.4024 10.355
10.3517 11.139
9.5979 10.640
8.9823 9.893
8.6507 9.545
9.1862 9.998
10.4056 11.505
9.7463 10.602
7.9659 8.873
10.8434 11.704
8.7968 9.676
8.5927 9.769
10.4472 11.245
8.7998 9.726
8.2618 9.204
9.3138 10.187
9.1071 10.114
8.1479 9.023
9.0026 9.856
7.4407 8.799
8.1842 9.364
7.2834 8.384
9.4564 10.411
10.0263 10.953
9.0643 10.006
5.6168 6.645
10.9223 11.895
8.3596 9.438
8.2657 9.345
7.1389 8.208
8.1611 9.016
8.8090 9.761
7.5954 8.617
7.2167 8.300
8.0913 9.101
7.4978 8.500
6.0014 7.192
6.7007 7.649
12.5102 13.336
8.2147 9.413
8.4574 9.590
8.5882 9.597
8.4691 9.229
9.2244 10.167
8.9090 9.928
11.2587 12.292
8.0904 9.050
9.0472 10.168
6.4394 7.555
10.9750 11.881
9.4654 10.289
9.6160 10.414
9.2660 10.158
10.9089 11.657
7.7915 8.750
9.5308 10.457
7.5016 8.436
8.9031 9.727
9.1879 10.031
9.1340 10.062
10.1609 10.974
10.0476 10.866
9.7451 10.516
10.0691 10.840
9.4406 10.350
10.1893 10.929
8.6293 9.570
8.1568 9.036
9.4075 10.279
8.5704 9.390
11.3599 11.935
10.0892 10.829
7.8846 8.675
9.6363 10.461
7.7907 8.756
9.2380 10.054
8.7284 9.657
9.3689 10.545
8.4145 9.371
9.9504 10.723
8.8910 9.792
9.3823 10.213
8.0449 8.808
8.4502 9.414
11.1496 11.859
8.4056 9.206
7.4006 8.281
9.1776 10.026
7.9970 8.972
8.5805 9.893
9.0899 10.025
8.2587 9.089
12.6150 13.297
9.6913 10.488
8.4816 9.355
8.4029 9.234
9.6667 10.484
9.6570 10.438
8.8760 9.787
9.0532 9.908
8.5218 9.372
8.8737 9.715
8.1956 8.939
8.3891 9.296
9.4279 10.328
10.1174 10.827
11.4510 12.104
10.2552 10.962
7.1365 7.985
9.1560 9.980
9.2370 10.014
7.7668 8.694
8.3443 9.263
8.3129 9.141
8.2749 9.223
8.9372 10.164
10.2380 10.958
8.9050 9.788
8.5275 9.402
8.3816 9.233
8.0675 8.986
9.4308 10.290
8.0398 8.951
10.1823 11.055
8.4431 9.409
8.2915 9.080
8.6090 9.590
8.1761 9.193
8.6704 9.593
8.9485 9.801
8.9523 9.873
9.0083 9.778
10.2959 11.099
8.5311 9.477
8.7221 9.708
8.9243 10.155
11.0648 11.882
9.6290 10.469
7.8308 8.714
7.9882 8.846
10.4632 11.197
8.9380 9.782
10.2204 10.860
9.2548 10.366
8.9994 10.129
9.4395 10.224
9.5116 10.414
8.8864 9.815
9.5880 10.373
9.7447 10.608
7.8083 8.707
8.4149 9.294
9.7810 10.830
9.1099 9.961
9.8412 10.746
8.5647 9.549
9.5514 10.688
9.3026 10.147
9.5506 10.476
11.0044 11.544
7.8501 8.698
8.9774 9.854
7.9537 8.839
9.8768 10.594
10.7662 11.648
7.5888 8.526
8.9531 9.711
8.1784 9.112
9.9184 10.728
7.5827 8.484
9.2644 9.930
8.5637 9.160
7.9395 8.952
8.8320 9.784
7.9638 8.783
10.7865 11.716
9.0913 10.112
9.1607 10.060
7.7668 8.894
10.3195 11.108
8.9211 9.648
7.9933 8.783
8.9770 9.806
10.9850 11.883
11.3623 12.494
7.4061 8.467
9.7285 10.622
8.2330 9.074
10.5967 11.557
8.5945 9.507
11.5096 12.297
10.6845 11.515
9.3128 10.084
8.0084 8.866
9.2343 9.992
9.8750 10.771
11.5702 12.476
8.8818 9.828
8.3903 9.239
9.1406 9.914
8.6630 9.493
8.7910 9.730
10.8596 11.603
9.8709 10.715
9.8761 10.852
11.2944 12.166
7.3284 8.308
10.3590 11.284
9.1451 10.005
7.7007 8.667
9.6340 10.463
6.9167 7.811
9.8624 10.789
10.1595 11.102
9.4735 10.693
8.6800 9.678
13.3656 14.054
10.9265 11.899
9.1924 10.121
8.6482 9.669
9.9533 10.933
8.2217 9.169
9.3260 10.347
9.3643 10.330
8.7644 9.754
7.8216 9.057
12.1113 13.093
8.0815 8.966
10.1182 11.068
7.9868 8.977
11.9405 12.730
11.8451 12.742
9.1939 10.274
10.8694 11.730
7.2738 8.251
9.9078 10.767
10.6996 11.577
9.7310 10.599
11.1540 12.058
8.5811 9.719
9.8696 10.753
9.1216 10.323
8.2464 9.539
9.3774 10.345
10.6268 11.579
7.7928 9.018
7.8629 9.329
7.7381 8.913
9.6714 10.965
7.9201 9.028
8.1884 9.231
9.4742 10.536
8.6353 9.606
9.6726 10.622
8.2848 9.213
10.2466 11.260
9.1114 10.157
9.4171 10.319
11.4886 12.352
8.8045 9.842
8.6975 10.072
9.5779 10.833
9.3986 10.817
10.0723 11.094
9.6022 10.636
9.1841 10.205
10.1429 11.210
9.1555 10.212
9.1444 10.527
10.3248 11.225
8.3788 9.462
8.3502 9.279
9.0469 10.244
10.1412 11.025
7.9526 8.975
7.9139 9.016
8.1625 9.202
9.1999 10.324
9.5568 10.550
10.2384 11.371
9.2499 10.265
8.3018 9.345
8.5399 9.677
8.3383 9.672
8.6228 9.716
7.9680 9.068
8.2649 9.334
8.9976 10.061
9.5910 10.736
7.9821 9.412
8.9204 9.993
7.3753 8.501
10.5267 11.447
9.2045 10.491
8.4414 9.507
8.7253 9.728
9.6822 10.564
8.5360 9.534
11.2733 12.074
8.6881 9.568
8.3294 9.420
9.5656 10.337
9.9174 10.861
9.4801 10.401
9.8486 10.674
8.8160 9.714
12.0415 12.687
10.3991 11.226
9.2838 10.127
9.7645 10.701
9.5512 10.443
10.4575 11.274
7.3126 8.336
10.5893 11.396
7.9838 9.109
10.0103 10.853
9.5461 10.309
8.9740 9.818
9.0708 9.893
7.7328 8.814
8.7947 9.731
10.3211 11.099
9.0126 9.954
10.9202 11.721
9.0520 9.880
10.6746 11.419
8.9404 9.764
8.9109 9.902
9.2721 10.187
10.5363 11.325
10.8029 11.619
9.5922 10.579
8.3834 9.364
6.8211 8.123
13.0189 13.779
9.5658 10.465
9.2873 10.273
9.4283 10.348
10.9566 11.765
10.3969 11.112
8.0183 8.919
9.5558 10.346
9.4727 10.384
10.1245 10.958
8.5993 9.667
11.2793 12.061
8.9224 9.768
10.9502 11.845
8.6473 9.654
9.8810 10.675
9.8560 10.679
8.3724 9.460
9.5705 10.489
10.7638 11.522
8.8919 9.842
9.2836 10.171
9.2945 10.152
8.6660 9.713
10.3883 11.177
8.4399 9.486
10.5864 11.348
11.8228 12.543
9.7741 10.665
8.8419 9.826
11.0232 11.788
10.3299 11.195
9.4878 10.277
8.5047 9.384
9.4348 10.101
9.2109 9.994
8.7939 9.551
7.7315 8.577
9.7659 10.571
8.5473 9.396
7.8411 8.650
7.9800 8.809
10.3192 11.136
8.4646 9.407
10.5113 11.182
7.1531 7.980
9.2181 9.982
8.5835 9.390
9.3235 10.128
7.6202 8.422
9.8794 10.638
8.5934 9.143
8.6550 9.474
8.3659 9.158
8.0462 8.868
